wavelength_um transit_depth
5.999999999999999778e-01 2.592588714859332677e-02
6.065808297567953922e-01 2.576685397606928024e-02
6.131616595135908065e-01 2.562535080184539030e-02
6.197424892703862209e-01 2.550109049539717870e-02
6.263233190271816353e-01 2.546396742791270582e-02
6.329041487839770497e-01 2.531220298731789303e-02
6.394849785407725751e-01 2.523199751844212510e-02
6.460658082975679894e-01 2.517035069529237681e-02
6.526466380543634038e-01 2.509293860511349616e-02
6.592274678111588182e-01 2.501489865135252816e-02
6.658082975679542326e-01 2.517288085968473477e-02
6.723891273247496470e-01 2.486663325233104752e-02
6.789699570815450613e-01 2.481994657479664676e-02
6.855507868383404757e-01 2.481839675492363007e-02
6.921316165951358901e-01 2.512162026513518193e-02
6.987124463519313045e-01 2.491691769452327940e-02
7.052932761087267188e-01 2.496930139214812924e-02
7.118741058655221332e-01 2.489826048102823999e-02
7.184549356223175476e-01 2.541920759021914708e-02
7.250357653791130730e-01 2.505218934837553924e-02
7.316165951359083763e-01 2.523502418913910889e-02
7.381974248927039017e-01 2.515122448930361132e-02
7.447782546494993161e-01 2.572804587624621594e-02
7.513590844062947305e-01 2.543872783503335622e-02
7.579399141630901449e-01 2.554395386908867374e-02
7.645207439198855592e-01 2.606816413450460668e-02
7.711015736766809736e-01 2.620865655216889772e-02
7.776824034334763880e-01 2.539852557305827957e-02
7.842632331902718024e-01 2.517036121173580471e-02
7.908440629470672167e-01 2.509092879647642493e-02
7.974248927038626311e-01 2.496371225726066664e-02
8.040057224606580455e-01 2.513002542662297681e-02
8.105865522174535709e-01 2.493654537302064308e-02
8.171673819742488742e-01 2.558743476633202132e-02
8.237482117310443996e-01 2.479143734027398904e-02
8.303290414878398140e-01 2.607344260682693121e-02
8.369098712446352284e-01 2.499805636899764261e-02
8.434907010014306428e-01 2.456854323846982546e-02
8.500715307582260571e-01 2.479710573077133912e-02
8.566523605150214715e-01 2.454222422516984248e-02
8.632331902718168859e-01 2.451938380751042881e-02
8.698140200286123003e-01 2.450241172323068192e-02
8.763948497854077146e-01 2.438382365717222874e-02
8.829756795422032400e-01 2.421056333721841730e-02
8.895565092989985434e-01 2.462498762982559194e-02
8.961373390557940688e-01 2.421704866925091307e-02
9.027181688125893722e-01 2.426962060956645850e-02
9.092989985693848976e-01 2.409032102247479767e-02
9.158798283261803119e-01 2.467156533680797681e-02
9.224606580829757263e-01 2.579592724395193132e-02
9.290414878397711407e-01 2.602804269572767809e-02
9.356223175965665551e-01 2.626794670502067067e-02
9.422031473533619694e-01 2.675079697360089812e-02
9.487839771101573838e-01 2.588790351035239606e-02
9.553648068669527982e-01 2.664930626572645928e-02
9.619456366237482126e-01 2.490838766878281096e-02
9.685264663805437380e-01 2.518305533875058594e-02
9.751072961373390413e-01 2.527311861115300040e-02
9.816881258941345667e-01 2.633341783385179449e-02
9.882689556509298701e-01 2.515030828755206171e-02
9.948497854077253955e-01 2.483521976791217695e-02
1.001430615164520699e+00 2.579924788866939239e-02
1.008011444921316224e+00 2.564553685021540852e-02
1.014592274678111750e+00 2.538243948331458250e-02
1.021173104434907053e+00 2.466256398768573374e-02
1.027753934191702356e+00 2.492965220439936902e-02
1.034334763948497882e+00 2.456247754870997599e-02
1.040915593705293407e+00 2.392697576514269883e-02
1.047496423462088710e+00 2.414578676105626209e-02
1.054077253218884236e+00 2.390436339194350335e-02
1.060658082975679539e+00 2.426855023213003032e-02
1.067238912732475065e+00 2.415863826647515408e-02
1.073819742489270368e+00 2.469176000751062416e-02
1.080400572246065893e+00 2.409066762956233593e-02
1.086981402002861419e+00 2.436357494497905229e-02
1.093562231759656722e+00 2.543926206971123399e-02
1.100143061516452025e+00 2.491050396833042677e-02
1.106723891273247551e+00 2.439313701485544550e-02
1.113304721030043076e+00 2.766684554839857896e-02
1.119885550786838380e+00 2.544563588091457162e-02
1.126466380543633683e+00 2.565621105816077996e-02
1.133047210300429208e+00 2.479506324440127613e-02
1.139628040057224734e+00 2.686555344167237611e-02
1.146208869814020037e+00 2.490914360752517417e-02
1.152789699570815563e+00 2.595420978529671199e-02
1.159370529327611088e+00 2.576118277406917387e-02
1.165951359084406391e+00 2.572463826014216581e-02
1.172532188841201695e+00 2.503220759376715773e-02
1.179113018597997220e+00 2.510916416805165571e-02
1.185693848354792745e+00 2.534130460258542453e-02
1.192274678111588049e+00 2.504672214817126041e-02
1.198855507868383352e+00 2.603106734901953351e-02
1.205436337625178878e+00 2.561895252873670759e-02
1.212017167381974403e+00 2.531752981039993994e-02
1.218597997138769706e+00 2.559373511478548954e-02
1.225178826895565010e+00 2.526108519115365797e-02
1.231759656652360757e+00 2.620657089995256928e-02
1.238340486409156060e+00 2.449610722981432342e-02
1.244921316165951364e+00 2.422232533694076637e-02
1.251502145922746889e+00 2.480681398845506480e-02
1.258082975679542415e+00 2.521148571984503303e-02
1.264663805436337718e+00 2.626010447075715487e-02
1.271244635193133021e+00 2.475545303029040578e-02
1.277825464949928547e+00 2.460748571007387656e-02
1.284406294706724072e+00 2.467324416569842763e-02
1.290987124463519375e+00 2.713009821242735875e-02
1.297567954220314679e+00 2.461255992825157196e-02
1.304148783977110204e+00 2.432051543121604292e-02
1.310729613733905730e+00 2.502309729423383977e-02
1.317310443490701033e+00 2.650301427864729109e-02
1.323891273247496558e+00 2.622955820232854979e-02
1.330472103004292084e+00 2.549047919796691708e-02
1.337052932761087387e+00 2.852127449076531651e-02
1.343633762517882690e+00 2.593686063864364053e-02
1.350214592274678216e+00 2.956364729455513568e-02
1.356795422031473741e+00 2.602882255315683291e-02
1.363376251788269045e+00 2.882731586528889181e-02
1.369957081545064348e+00 2.901904644261272745e-02
1.376537911301859873e+00 2.907382772875575713e-02
1.383118741058655399e+00 2.737980400882453549e-02
1.389699570815450702e+00 2.654682214842734797e-02
1.396280400572246005e+00 2.655520246741608845e-02
1.402861230329041753e+00 2.644503808279657572e-02
1.409442060085837056e+00 2.988144316786695703e-02
1.416022889842632360e+00 2.751741924516526785e-02
1.422603719599427885e+00 2.672334086458933236e-02
1.429184549356223410e+00 2.529266131333416170e-02
1.435765379113018714e+00 2.615465245722017537e-02
1.442346208869814017e+00 2.845918649736967065e-02
1.448927038626609543e+00 2.671413612406691590e-02
1.455507868383405068e+00 2.657788073548281171e-02
1.462088698140200371e+00 2.619403757555036419e-02
1.468669527896995675e+00 2.827189157505681852e-02
1.475250357653791200e+00 2.955980666161522538e-02
1.481831187410586725e+00 2.649238383001721250e-02
1.488412017167382029e+00 2.677425594679141291e-02
1.494992846924177554e+00 2.738358113579174302e-02
1.501573676680973080e+00 2.831263115200314054e-02
1.508154506437768383e+00 2.742879371447164844e-02
1.514735336194563686e+00 2.624077494170798386e-02
1.521316165951359212e+00 2.620640647354292863e-02
1.527896995708154737e+00 2.626776052719028906e-02
1.534477825464950040e+00 2.593847727632413863e-02
1.541058655221745344e+00 2.606909589853758508e-02
1.547639484978540869e+00 2.727897850472769600e-02
1.554220314735336395e+00 2.572816616645220641e-02
1.560801144492131698e+00 2.655549895428801696e-02
1.567381974248927001e+00 2.557754375421690540e-02
1.573962804005722749e+00 2.540439217629901492e-02
1.580543633762518052e+00 2.629035941114336167e-02
1.587124463519313355e+00 2.681582923622581258e-02
1.593705293276108881e+00 2.637244209597178896e-02
1.600286123032904406e+00 2.521463271001719506e-02
1.606866952789699710e+00 2.608639868684270793e-02
1.613447782546495013e+00 2.558011561572609907e-02
1.620028612303290760e+00 2.598910819649240950e-02
1.626609442060086064e+00 2.537847371930323018e-02
1.633190271816881367e+00 2.558056043248316952e-02
1.639771101573676670e+00 2.572639906434858945e-02
1.646351931330472418e+00 2.533187034448516547e-02
1.652932761087267721e+00 2.489799562210389880e-02
1.659513590844063025e+00 2.539749327965892117e-02
1.666094420600858328e+00 2.532695027343198277e-02
1.672675250357654075e+00 2.488223517689518854e-02
1.679256080114449379e+00 2.510300498254060958e-02
1.685836909871244682e+00 2.460096119871751918e-02
1.692417739628039985e+00 2.675438094841556605e-02
1.698998569384835733e+00 2.514603638836315769e-02
1.705579399141631036e+00 2.571993482749742807e-02
1.712160228898426340e+00 2.616163488830824946e-02
1.718741058655222087e+00 2.528060266151086616e-02
1.725321888412017390e+00 2.564206501070052935e-02
1.731902718168812694e+00 2.760117675734263809e-02
1.738483547925607997e+00 2.479447554792758163e-02
1.745064377682403745e+00 2.769984361546533325e-02
1.751645207439199048e+00 2.501786754767157395e-02
1.758226037195994351e+00 2.581205838385830856e-02
1.764806866952789655e+00 2.604134388968321057e-02
1.771387696709585402e+00 2.510553154446374183e-02
1.777968526466380705e+00 2.530201438729250824e-02
1.784549356223176009e+00 2.732413091329521926e-02
1.791130185979971756e+00 2.563532330550984811e-02
1.797711015736767060e+00 2.510193988153902253e-02
1.804291845493562363e+00 2.717609192600669785e-02
1.810872675250357666e+00 2.881847689806374402e-02
1.817453505007153414e+00 2.688245871647149121e-02
1.824034334763948717e+00 2.611012239748829178e-02
1.830615164520744020e+00 2.775654127379365357e-02
1.837195994277539324e+00 2.622974041308795412e-02
1.843776824034335071e+00 2.720945367666135345e-02
1.850357653791130375e+00 2.630151841666157272e-02
1.856938483547925678e+00 2.708999728276040644e-02
1.863519313304721425e+00 2.732419742763565404e-02
1.870100143061516729e+00 2.763071818293712581e-02
1.876680972818312032e+00 2.806887653993540843e-02
1.883261802575107335e+00 2.869077833820967913e-02
1.889842632331903083e+00 2.768339324155440206e-02
1.896423462088698386e+00 2.741860049420795017e-02
1.903004291845493690e+00 2.928912646823095267e-02
1.909585121602288993e+00 2.591977396334105288e-02
1.916165951359084740e+00 2.800404865578016989e-02
1.922746781115880044e+00 2.836071498856809411e-02
1.929327610872675347e+00 2.575181409907573854e-02
1.935908440629470650e+00 2.647894654609680293e-02
1.942489270386266398e+00 2.714444211599151280e-02
1.949070100143061701e+00 2.690429221269416762e-02
1.955650929899857005e+00 2.802571659634806034e-02
1.962231759656652752e+00 2.649685913428287409e-02
1.968812589413448055e+00 2.657441883613892442e-02
1.975393419170243359e+00 2.662710641691914959e-02
1.981974248927038662e+00 2.638873363964622590e-02
1.988555078683834410e+00 2.772078703245662440e-02
1.995135908440629713e+00 2.593688784203936407e-02
2.001716738197425016e+00 2.577524626502169028e-02
2.008297567954220320e+00 2.691393287223492470e-02
2.014878397711016067e+00 2.680135161730248794e-02
2.021459227467811370e+00 2.664941207467323714e-02
2.028040057224606674e+00 2.699988463191293347e-02
2.034620886981402421e+00 2.699633283930211874e-02
2.041201716738197725e+00 2.748382583216747721e-02
2.047782546494993028e+00 2.512879830384690677e-02
2.054363376251788331e+00 2.696768241517084538e-02
2.060944206008584079e+00 2.574585990832484184e-02
2.067525035765379382e+00 2.688729518204990496e-02
2.074105865522174685e+00 2.594699399687033087e-02
2.080686695278969989e+00 2.535602326483133231e-02
2.087267525035765736e+00 2.530712943855485328e-02
2.093848354792561040e+00 2.624161887841083493e-02
2.100429184549356343e+00 2.655021807086270849e-02
2.107010014306151646e+00 2.583562705284116884e-02
2.113590844062947394e+00 2.588508489420677031e-02
2.120171673819742697e+00 2.548767747487365801e-02
2.126752503576538000e+00 2.578900762320165269e-02
2.133333333333333748e+00 2.589138816224589162e-02
2.139914163090129051e+00 2.555514565311609379e-02
2.146494992846924355e+00 2.551164166542774225e-02
2.153075822603719658e+00 2.518181768080255539e-02
2.159656652360515405e+00 2.632477007887567763e-02
2.166237482117310709e+00 2.591486728548932431e-02
2.172818311874106012e+00 2.548987394751888944e-02
2.179399141630901315e+00 2.598458880485585154e-02
2.185979971387697063e+00 2.570484157402444861e-02
2.192560801144492366e+00 2.539673760730059779e-02
2.199141630901287670e+00 2.543588811817694417e-02
2.205722460658083417e+00 2.512336846659999137e-02
2.212303290414878720e+00 2.634547701361165256e-02
2.218884120171674024e+00 2.504158450272230690e-02
2.225464949928469327e+00 2.539227127429215941e-02
2.232045779685265074e+00 2.515401643358951972e-02
2.238626609442060378e+00 2.856500681282780202e-02
2.245207439198855681e+00 2.567866386072919019e-02
2.251788268955650985e+00 2.501805888462317953e-02
2.258369098712446732e+00 2.523117814879102458e-02
2.264949928469242035e+00 2.521519244560556372e-02
2.271530758226037339e+00 2.497955677601357977e-02
2.278111587982832642e+00 2.487901090205766816e-02
2.284692417739628389e+00 2.506653377172979660e-02
2.291273247496423693e+00 2.834278691648827592e-02
2.297854077253218996e+00 2.589316421890818648e-02
2.304434907010014744e+00 2.510031321546316030e-02
2.311015736766810047e+00 2.621517116828967278e-02
2.317596566523605350e+00 3.000922824027333138e-02
2.324177396280400654e+00 2.514945231258377406e-02
2.330758226037196401e+00 2.597014098769524076e-02
2.337339055793991704e+00 2.704344888481705414e-02
2.343919885550787008e+00 2.655107624529032956e-02
2.350500715307582311e+00 2.549412340958926576e-02
2.357081545064378059e+00 2.664769203290463795e-02
2.363662374821173362e+00 2.505068187656308426e-02
2.370243204577968665e+00 2.598859737629526101e-02
2.376824034334764413e+00 2.869588454935466729e-02
2.383404864091559716e+00 2.534964821778847022e-02
2.389985693848355019e+00 2.571140576557629301e-02
2.396566523605150323e+00 2.722839881919193392e-02
2.403147353361946070e+00 2.553646725037194906e-02
2.409728183118741374e+00 2.808839138310205083e-02
2.416309012875536677e+00 2.517293260636417271e-02
2.422889842632331980e+00 2.773812166963441142e-02
2.429470672389127728e+00 2.651910875007887358e-02
2.436051502145923031e+00 2.688250768318168824e-02
2.442632331902718335e+00 2.879482635573945778e-02
2.449213161659513638e+00 2.682578612215666750e-02
2.455793991416309385e+00 2.611096223583112691e-02
2.462374821173104689e+00 2.721376890231507611e-02
2.468955650929899992e+00 2.613528279631693874e-02
2.475536480686695739e+00 2.923065967530524140e-02
2.482117310443491043e+00 2.958662991267274958e-02
2.488698140200286346e+00 2.760677765178169013e-02
2.495278969957081650e+00 2.603116500041137427e-02
2.501859799713877397e+00 2.570273190309662475e-02
2.508440629470672700e+00 3.155282885493826406e-02
2.515021459227468004e+00 2.677846787125084949e-02
2.521602288984263307e+00 2.722736981218053243e-02
2.528183118741059054e+00 2.986331273629682509e-02
2.534763948497854358e+00 2.641178830376077549e-02
2.541344778254649661e+00 2.604728597085731109e-02
2.547925608011445409e+00 2.680457790635674617e-02
2.554506437768240712e+00 2.684174610119763674e-02
2.561087267525036015e+00 2.917106141766373506e-02
2.567668097281831319e+00 2.680290205054335420e-02
2.574248927038627066e+00 2.707891909811035308e-02
2.580829756795422369e+00 2.632312432690659190e-02
2.587410586552217673e+00 2.834169225531339362e-02
2.593991416309012976e+00 2.907474608498631166e-02
2.600572246065808724e+00 2.769509880425342213e-02
2.607153075822604027e+00 2.576605420618793482e-02
2.613733905579399330e+00 2.835470080941812632e-02
2.620314735336195078e+00 2.684464641003514451e-02
2.626895565092990381e+00 2.648940633735047401e-02
2.633476394849785684e+00 2.834874165545915939e-02
2.640057224606581432e+00 3.080721137136107485e-02
2.646638054363376735e+00 2.652377466293953656e-02
2.653218884120172039e+00 2.985949667110257555e-02
2.659799713876967342e+00 2.676100794963545346e-02
2.666380543633763089e+00 2.933665448041870502e-02
2.672961373390558393e+00 2.826676183266561837e-02
2.679542203147353696e+00 2.732125273222302253e-02
2.686123032904148999e+00 3.107313735209850034e-02
2.692703862660944747e+00 2.782103815314362905e-02
2.699284692417740050e+00 2.788991529791799359e-02
2.705865522174535354e+00 2.925750080908481876e-02
2.712446351931331101e+00 2.851646183028874043e-02
2.719027181688126404e+00 2.754451506095206489e-02
2.725608011444921708e+00 2.809525170756301676e-02
2.732188841201717011e+00 3.088275474001710152e-02
2.738769670958512759e+00 2.849073240011534142e-02
2.745350500715308062e+00 2.663579915409277146e-02
2.751931330472103365e+00 2.831441583134188672e-02
2.758512160228898669e+00 2.816473443672608268e-02
2.765092989985694416e+00 2.787763846273385790e-02
2.771673819742489719e+00 2.698169770478195395e-02
2.778254649499285023e+00 2.834702053574660735e-02
2.784835479256080326e+00 2.801172760129633579e-02
2.791416309012876074e+00 2.704605313354721888e-02
2.797997138769671377e+00 2.971119135148535262e-02
2.804577968526466680e+00 2.929416148967954950e-02
2.811158798283262428e+00 2.789756313878977156e-02
2.817739628040057731e+00 2.740524555842346194e-02
2.824320457796853034e+00 2.927782086214580914e-02
2.830901287553648338e+00 2.628933497116768200e-02
2.837482117310444085e+00 2.818236962865311446e-02
2.844062947067239389e+00 2.727353512946715727e-02
2.850643776824034692e+00 3.120396405235882978e-02
2.857224606580829995e+00 3.052384930604209318e-02
2.863805436337625743e+00 3.091612829585810990e-02
2.870386266094421046e+00 2.734810098221230126e-02
2.876967095851216349e+00 2.752592556928103174e-02
2.883547925608012097e+00 2.695805469074316965e-02
2.890128755364807400e+00 2.840359271483923823e-02
2.896709585121602704e+00 2.847127497631058574e-02
2.903290414878398007e+00 2.766788850465299113e-02
2.909871244635193754e+00 3.209792618882128384e-02
2.916452074391989058e+00 2.946572338221952608e-02
2.923032904148784361e+00 2.931699601511995185e-02
2.929613733905579664e+00 2.880353235051349992e-02
2.936194563662375412e+00 2.756511844148081328e-02
2.942775393419170715e+00 2.651867887942154292e-02
2.949356223175966019e+00 2.660156097688902779e-02
2.955937052932761322e+00 3.012210130273049874e-02
2.962517882689557069e+00 2.753581995654283063e-02
2.969098712446352373e+00 2.899550950230318433e-02
2.975679542203147676e+00 2.724504583407653252e-02
2.982260371959943424e+00 2.856722348263313060e-02
2.988841201716738727e+00 2.708134892765014234e-02
2.995422031473534030e+00 2.760054679855334508e-02
3.002002861230329334e+00 2.807720837803513031e-02
3.008583690987125081e+00 2.802384412616550080e-02
3.015164520743920384e+00 2.811662042916555915e-02
3.021745350500715688e+00 2.936286521318744527e-02
3.028326180257510991e+00 2.662161777476231006e-02
3.034907010014306739e+00 2.711545497052941442e-02
3.041487839771102042e+00 2.721287275376111509e-02
3.048068669527897345e+00 2.961437408539751431e-02
3.054649499284693093e+00 2.678349330399381820e-02
3.061230329041488396e+00 2.690331574741710099e-02
3.067811158798283699e+00 2.604907489102588347e-02
3.074391988555079003e+00 2.684115961753741342e-02
3.080972818311874750e+00 2.730530621247583695e-02
3.087553648068670054e+00 2.762696490854745293e-02
3.094134477825465357e+00 2.779281875828882448e-02
3.100715307582260660e+00 2.789212009432944991e-02
3.107296137339056408e+00 2.644943072477469459e-02
3.113876967095851711e+00 2.799701202722875912e-02
3.120457796852647014e+00 2.889947463318668155e-02
3.127038626609442762e+00 2.608087534640548058e-02
3.133619456366238065e+00 2.666010751901086093e-02
3.140200286123033369e+00 2.685549618824639370e-02
3.146781115879828672e+00 2.752008931382855447e-02
3.153361945636624419e+00 2.902667491871719144e-02
3.159942775393419723e+00 2.864886111897383542e-02
3.166523605150215026e+00 2.555886433904421343e-02
3.173104434907010329e+00 2.794966102573566424e-02
3.179685264663806077e+00 2.692100682055574568e-02
3.186266094420601380e+00 2.612714780037193874e-02
3.192846924177396684e+00 2.607055206681790221e-02
3.199427753934191987e+00 2.862453811686061292e-02
3.206008583690987734e+00 2.750663899901832285e-02
3.212589413447783038e+00 2.898954180578328099e-02
3.219170243204578341e+00 2.629127987164980168e-02
3.225751072961374089e+00 2.544998610947798653e-02
3.232331902718169392e+00 2.863271597297275747e-02
3.238912732474964695e+00 2.609857283670883460e-02
3.245493562231759999e+00 2.582199373095668549e-02
3.252074391988555746e+00 2.818150616901443292e-02
3.258655221745351049e+00 2.667871372130722549e-02
3.265236051502146353e+00 2.669812387544900564e-02
3.271816881258941656e+00 2.648054656920378197e-02
3.278397711015737404e+00 2.669913941442788805e-02
3.284978540772532707e+00 2.825155681939522240e-02
3.291559370529328010e+00 2.488458179803808637e-02
3.298140200286123758e+00 2.670124346890308600e-02
3.304721030042919061e+00 2.556351247654947353e-02
3.311301859799714364e+00 2.742948070788361892e-02
3.317882689556509668e+00 2.546527033300165915e-02
3.324463519313305415e+00 2.639322154549119878e-02
3.331044349070100719e+00 2.668256827942075068e-02
3.337625178826896022e+00 2.519433654090202923e-02
3.344206008583691325e+00 2.571800166630814483e-02
3.350786838340487073e+00 2.811796730148539633e-02
3.357367668097282376e+00 2.767219360792624872e-02
3.363948497854077679e+00 2.640944841611189697e-02
3.370529327610872983e+00 2.893785774170100009e-02
3.377110157367668730e+00 2.635932217352295048e-02
3.383690987124464034e+00 2.737988421955109969e-02
3.390271816881259337e+00 2.740720687899297903e-02
3.396852646638055084e+00 2.675771053718948092e-02
3.403433476394850388e+00 2.550169028458225060e-02
3.410014306151645691e+00 2.519843520732965858e-02
3.416595135908440994e+00 2.686879435859374637e-02
3.423175965665236742e+00 2.543291367131565034e-02
3.429756795422032045e+00 2.619367509477913206e-02
3.436337625178827349e+00 2.747209491503337792e-02
3.442918454935622652e+00 2.809340316045976643e-02
3.449499284692418399e+00 2.535281876695633443e-02
3.456080114449213703e+00 2.739732571355327218e-02
3.462660944206009006e+00 2.668483265758586978e-02
3.469241773962804753e+00 2.649848163973178919e-02
3.475822603719600057e+00 2.624070980993352051e-02
3.482403433476395360e+00 2.715338771152305680e-02
3.488984263233190664e+00 2.637456204178847616e-02
3.495565092989986411e+00 2.583949659545121263e-02
3.502145922746781714e+00 2.622795477352988375e-02
3.508726752503577018e+00 2.614560568981858651e-02
3.515307582260372321e+00 2.733095482388265413e-02
3.521888412017168069e+00 2.697428981471003059e-02
3.528469241773963372e+00 2.605325350679379634e-02
3.535050071530758675e+00 2.680323615801184778e-02
3.541630901287553979e+00 2.696483261317428673e-02
3.548211731044349726e+00 2.586581543246673984e-02
3.554792560801145029e+00 2.746219025593973559e-02
3.561373390557940333e+00 2.703725112243510892e-02
3.567954220314736080e+00 2.608315019079460867e-02
3.574535050071531384e+00 2.552005895873092622e-02
3.581115879828326687e+00 2.614996510436065971e-02
3.587696709585121990e+00 2.519088720159451053e-02
3.594277539341917738e+00 2.759301435578383546e-02
3.600858369098713041e+00 2.941346992025755183e-02
3.607439198855508344e+00 2.580610689065685262e-02
3.614020028612303648e+00 2.551055105979029708e-02
3.620600858369099395e+00 2.595800128257447908e-02
3.627181688125894699e+00 2.678672458276683266e-02
3.633762517882690002e+00 2.628441482029523352e-02
3.640343347639485749e+00 2.717000278859044160e-02
3.646924177396281053e+00 2.551849222956356633e-02
3.653505007153076356e+00 2.633121353228921879e-02
3.660085836909871659e+00 2.632852782118859716e-02
3.666666666666667407e+00 2.583820932267984552e-02
3.673247496423462710e+00 2.667231459821110817e-02
3.679828326180258014e+00 2.611390742418634447e-02
3.686409155937053317e+00 2.724194624150164112e-02
3.692989985693849064e+00 2.549320287402186483e-02
3.699570815450644368e+00 2.585156334217212498e-02
3.706151645207439671e+00 2.603457984307794987e-02
3.712732474964234974e+00 2.558354443692159932e-02
3.719313304721030722e+00 2.629577129048836504e-02
3.725894134477826025e+00 2.665586670892548457e-02
3.732474964234621329e+00 2.629964697864102530e-02
3.739055793991417076e+00 2.701441264333074091e-02
3.745636623748212379e+00 2.640371317826737535e-02
3.752217453505007683e+00 2.587030129727242375e-02
3.758798283261802986e+00 2.629239468697608384e-02
3.765379113018598733e+00 2.617547224032489017e-02
3.771959942775394037e+00 2.586889337109614731e-02
3.778540772532189340e+00 2.652328016490019050e-02
3.785121602288984644e+00 2.604787409092804498e-02
3.791702432045780391e+00 2.695431367826725197e-02
3.798283261802575694e+00 2.581491420369137410e-02
3.804864091559370998e+00 2.617316948337496119e-02
3.811444921316166745e+00 2.538959014402952102e-02
3.818025751072962048e+00 2.591959989527387390e-02
3.824606580829757352e+00 2.544602565188305507e-02
3.831187410586552655e+00 2.598577912456116745e-02
3.837768240343348403e+00 2.567666589273996311e-02
3.844349070100143706e+00 2.595883349489129174e-02
3.850929899856939009e+00 2.576113598356711415e-02
3.857510729613734313e+00 2.670242139433938108e-02
3.864091559370530060e+00 2.559599882068039345e-02
3.870672389127325363e+00 2.579582212118267451e-02
3.877253218884120667e+00 2.627282963673043328e-02
3.883834048640915970e+00 2.580332913598876524e-02
3.890414878397711718e+00 2.596889115194114805e-02
3.896995708154507021e+00 2.557655834750806323e-02
3.903576537911302324e+00 2.575166784885549176e-02
3.910157367668098072e+00 2.570174356799174650e-02
3.916738197424893375e+00 2.562080438816979541e-02
3.923319027181688678e+00 2.627690419881798661e-02
3.929899856938483982e+00 2.586676758386200967e-02
3.936480686695279729e+00 2.619792037185275993e-02
3.943061516452075033e+00 2.494017927342362384e-02
3.949642346208870336e+00 2.543281076999949833e-02
3.956223175965665639e+00 2.623473399832420075e-02
3.962804005722461387e+00 2.707521688029817380e-02
3.969384835479256690e+00 2.592417407480161404e-02
3.975965665236051994e+00 2.549427635937996997e-02
3.982546494992847741e+00 2.545275450274222737e-02
3.989127324749643044e+00 2.489158358753527575e-02
3.995708154506438348e+00 2.710015256014863469e-02
4.002288984263233651e+00 2.675870099753368050e-02
4.008869814020028954e+00 2.585387122226703860e-02
4.015450643776824258e+00 2.599278800937599582e-02
4.022031473533619561e+00 2.674141749300896695e-02
4.028612303290414864e+00 2.684710714608111448e-02
4.035193133047211056e+00 2.568522572852538141e-02
4.041773962804006359e+00 2.514445727210667947e-02
4.048354792560801663e+00 2.680434128953971401e-02
4.054935622317596966e+00 2.655762362850950034e-02
4.061516452074392269e+00 2.628784552700892674e-02
4.068097281831187573e+00 2.562666807566838650e-02
4.074678111587982876e+00 2.757304338148528974e-02
4.081258941344779068e+00 2.553458600442384471e-02
4.087839771101574371e+00 2.566319528553319754e-02
4.094420600858369674e+00 2.593036907331509877e-02
4.101001430615164978e+00 2.649558607804789606e-02
4.107582260371960281e+00 2.627197439868485598e-02
4.114163090128755584e+00 2.548774454135192130e-02
4.120743919885550888e+00 2.619276013408990827e-02
4.127324749642346191e+00 2.576665917284804916e-02
4.133905579399142383e+00 2.592650045812793999e-02
4.140486409155937686e+00 2.597285607979942651e-02
4.147067238912732989e+00 2.546787641426931023e-02
4.153648068669528293e+00 2.654573049436265500e-02
4.160228898426323596e+00 2.636824923825575526e-02
4.166809728183118899e+00 2.575821852266748160e-02
4.173390557939914203e+00 2.725449658663359892e-02
4.179971387696710394e+00 2.685741167756112643e-02
4.186552217453505698e+00 2.593495733920926985e-02
4.193133047210301001e+00 2.701448554021068302e-02
4.199713876967096304e+00 2.651656159548231029e-02
4.206294706723891608e+00 2.712081171096396293e-02
4.212875536480686911e+00 2.894707617161428395e-02
4.219456366237482214e+00 2.935687804728190006e-02
4.226037195994278406e+00 2.623715677302083243e-02
4.232618025751073709e+00 2.734955788365848323e-02
4.239198855507869013e+00 2.689077963553028125e-02
4.245779685264664316e+00 2.865974713184922182e-02
4.252360515021459619e+00 3.001802615519844064e-02
4.258941344778254923e+00 2.670134998403937004e-02
4.265522174535050226e+00 2.817052912544170187e-02
4.272103004291845529e+00 2.785625910644720649e-02
4.278683834048641721e+00 2.964426060924758508e-02
4.285264663805437024e+00 2.771946213350176547e-02
4.291845493562232328e+00 2.890338801079178621e-02
4.298426323319027631e+00 2.814131123071658344e-02
4.305007153075822934e+00 2.927690779713624722e-02
4.311587982832618238e+00 2.748398159423062065e-02
4.318168812589413541e+00 2.860736006347175051e-02
4.324749642346209733e+00 2.952572584885509305e-02
4.331330472103005036e+00 2.825420535512049303e-02
4.337911301859800339e+00 2.884836584578107446e-02
4.344492131616595643e+00 2.913569106568308573e-02
4.351072961373390946e+00 2.774850512545356390e-02
4.357653791130186249e+00 2.893102214111033937e-02
4.364234620886981553e+00 3.034790988898283803e-02
4.370815450643776856e+00 2.935439367579839934e-02
4.377396280400573048e+00 3.048318084897204752e-02
4.383977110157368351e+00 3.099021227805279222e-02
4.390557939914163654e+00 3.103939947241507458e-02
4.397138769670958958e+00 2.815131912732540820e-02
4.403719599427754261e+00 2.813462199852434856e-02
4.410300429184549564e+00 2.808251162577452692e-02
4.416881258941344868e+00 3.018885341375654452e-02
4.423462088698141059e+00 2.817147611531804069e-02
4.430042918454936363e+00 3.454893436331531870e-02
4.436623748211731666e+00 2.797099765546058603e-02
4.443204577968526969e+00 2.806000835890865366e-02
4.449785407725322273e+00 2.884861130415138086e-02
4.456366237482117576e+00 2.783949571059157399e-02
4.462947067238912879e+00 2.738403850970136041e-02
4.469527896995708183e+00 2.804195152632800447e-02
4.476108726752504374e+00 2.835492790034880445e-02
4.482689556509299678e+00 2.816010370123326473e-02
4.489270386266094981e+00 2.771703519400374113e-02
4.495851216022890284e+00 2.900550647817428870e-02
4.502432045779685588e+00 2.644152169089721352e-02
4.509012875536480891e+00 2.957476883756291960e-02
4.515593705293276194e+00 2.767736220211632070e-02
4.522174535050072386e+00 2.704057890333326497e-02
4.528755364806867689e+00 2.796796910680832832e-02
4.535336194563662993e+00 2.708615581639610415e-02
4.541917024320458296e+00 2.783544649531283569e-02
4.548497854077253599e+00 2.864223421527898120e-02
4.555078683834048903e+00 2.760997319457737798e-02
4.561659513590844206e+00 2.758827572205961587e-02
4.568240343347640398e+00 2.815034848659958219e-02
4.574821173104435701e+00 2.689968616574714075e-02
4.581402002861231004e+00 2.745968653942681623e-02
4.587982832618026308e+00 2.702151175968909094e-02
4.594563662374821611e+00 2.732489528746436663e-02
4.601144492131616914e+00 2.742502281508617940e-02
4.607725321888412218e+00 2.928551656856540064e-02
4.614306151645207521e+00 2.649882355569413775e-02
4.620886981402002824e+00 2.680194820698618072e-02
4.627467811158798128e+00 2.671384104952743976e-02
4.634048640915594319e+00 2.756566632528926336e-02
4.640629470672389623e+00 2.706520232676594764e-02
4.647210300429184926e+00 2.835704991295898841e-02
4.653791130185980229e+00 2.771950417673109748e-02
4.660371959942775533e+00 2.737605362892312627e-02
4.666952789699570836e+00 2.758259109772411705e-02
4.673533619456366139e+00 2.750976557142155443e-02
4.680114449213162331e+00 2.685043807374810215e-02
4.686695278969957634e+00 2.608271222870970490e-02
4.693276108726752938e+00 2.662651148480779661e-02
4.699856938483548241e+00 2.749877536387707391e-02
4.706437768240343544e+00 2.631653793126089921e-02
4.713018597997138848e+00 2.902266842953502707e-02
4.719599427753934151e+00 2.614796508637583922e-02
4.726180257510729454e+00 3.004685784420696795e-02
4.732761087267525646e+00 2.809323293083396469e-02
4.739341917024320949e+00 2.652924793129644160e-02
4.745922746781116253e+00 2.654534905067714584e-02
4.752503576537911556e+00 2.609800219189323950e-02
4.759084406294706859e+00 2.657072610860167911e-02
4.765665236051502163e+00 2.651085438214615536e-02
4.772246065808297466e+00 2.726796947717238795e-02
4.778826895565093658e+00 2.874501908450852877e-02
4.785407725321888961e+00 2.658576166143824387e-02
4.791988555078684264e+00 2.751661688421783158e-02
4.798569384835479568e+00 2.597884980968737448e-02
4.805150214592274871e+00 2.619440262427717020e-02
4.811731044349070174e+00 2.704574594879160729e-02
4.818311874105865478e+00 2.686258501800900880e-02
4.824892703862661669e+00 2.851798520323790484e-02
4.831473533619456973e+00 2.618506684732904016e-02
4.838054363376252276e+00 2.680197980916134218e-02
4.844635193133047579e+00 2.685657568139650231e-02
4.851216022889842883e+00 2.685288674618816970e-02
4.857796852646638186e+00 2.626071707685815118e-02
4.864377682403433489e+00 2.818592627452934027e-02
4.870958512160228793e+00 2.678730014253390482e-02
4.877539341917024984e+00 2.598681486386435549e-02
4.884120171673820288e+00 2.688926313804827425e-02
4.890701001430615591e+00 2.667932822791965752e-02
4.897281831187410894e+00 2.801828346952967355e-02
4.903862660944206198e+00 2.623243544850512726e-02
4.910443490701001501e+00 2.600726626843443898e-02
4.917024320457796804e+00 2.651034837103836278e-02
4.923605150214592996e+00 2.681070807363106906e-02
4.930185979971388299e+00 2.838890410000496217e-02
4.936766809728183603e+00 2.655804067609734975e-02
4.943347639484978906e+00 2.963126804394500963e-02
4.949928469241774209e+00 2.850506006997005279e-02
4.956509298998569513e+00 2.590993757398292116e-02
4.963090128755364816e+00 2.717773304357482336e-02
4.969670958512160119e+00 2.620336751712521242e-02
4.976251788268956311e+00 2.599375896489103735e-02
4.982832618025751614e+00 2.696166188533160799e-02
4.989413447782546918e+00 2.852221645545171408e-02
4.995994277539342221e+00 2.778003702488893167e-02
5.002575107296137524e+00 2.660198786999697779e-02
5.009155937052932828e+00 2.570448393417184771e-02
5.015736766809728131e+00 2.684521005965801246e-02
5.022317596566524323e+00 2.778072136535771411e-02
5.028898426323319626e+00 2.743121309285422721e-02
5.035479256080114929e+00 2.638120331623776751e-02
5.042060085836910233e+00 2.657867135212275272e-02
5.048640915593705536e+00 2.645601159717916179e-02
5.055221745350500839e+00 2.808301524824632911e-02
5.061802575107296143e+00 2.726609066523376021e-02
5.068383404864092334e+00 2.850743576642897001e-02
5.074964234620887638e+00 2.660699959418705643e-02
5.081545064377682941e+00 2.564057563626512271e-02
5.088125894134478244e+00 2.629931808708297139e-02
5.094706723891273548e+00 2.954544528145388108e-02
5.101287553648068851e+00 2.572997274702353357e-02
5.107868383404864154e+00 2.967820885717081802e-02
5.114449213161659458e+00 2.648896743090344008e-02
5.121030042918455649e+00 2.674982724639292375e-02
5.127610872675250953e+00 2.928481742556870299e-02
5.134191702432046256e+00 2.621636966876026917e-02
5.140772532188841559e+00 2.898728413130149950e-02
5.147353361945636863e+00 2.661642227725572254e-02
5.153934191702432166e+00 2.551535788806270216e-02
5.160515021459227469e+00 2.647039777539644118e-02
5.167095851216023661e+00 2.642149751793229639e-02
5.173676680972818964e+00 3.003759332520277575e-02
5.180257510729614268e+00 2.794014232677121193e-02
5.186838340486409571e+00 2.630600246132250297e-02
5.193419170243204874e+00 2.716445060942960718e-02
5.200000000000000178e+00 2.902647811385412890e-02
